[GEODATA]
name = Cuxhafen WSA Radarturm Alte Liebe
lat = 53.87296131405798
lon = 8.709897100925446
height = 30000.0
bearing = 270.0
angle = 90.0

